CDWR TIMING AND TRANSIT LOSS MODEL                                              CARD 1 GEN INFO
SUBREACH  UPSTREAM                                                              CARD 2 RUN INFO
         1         2         1                                                  CARD 3 INPUT SOURCE AND RUN OBJECTIVE, COl C=j349fast
         1         0       374       1.0                                        CARD 4 DESCRIB OF RUN>>> COL C=DAYS (MAX=100)
         2        12      2001         6        17      2001                    CARD 5 START/END DATE ARIBITRARY--NOT USED IN CALCS
        20     False       0.0                                                  CARD 6 RATING INFO AND>>>COL C= MIN FLOW
      0.80       0.0      1.00       1.0      1.15       3.0      1.21       5.0CARD 7  S VS Q (S/Q/S/Q/S ETC)
      1.35      10.0      1.56      25.0      1.79      50.0      2.13     100.0
      2.65     250.0      3.10     500.0      3.45     750.0      3.70    1000.0
      4.25    1750.0      4.72    2500.0      5.15    3250.0      5.56    4000.0
      5.97    4750.0      6.40    5500.0      7.17    7000.0      7.60    8000.0
      50.0      53.0     129.1     207.7     228.0     231.4
     234.1     235.9     237.0     237.7     238.4     238.9
     239.3     239.6     239.9     240.2     240.4     240.6
     240.8     241.0     241.1     241.3     241.4     241.5
     241.6     241.7     241.8     241.9     242.0     242.1
     242.1     242.2     242.3     242.3     242.4     242.5
     242.5     242.6     242.6     242.7     242.7     242.7
     242.8     242.8     242.9     242.9     242.9     243.0
     243.0     243.0     243.1     243.1     243.1     243.2
     243.2     243.2     243.2     243.3     243.3     243.3
     243.3     243.4     243.4     243.4     243.4     243.5
     243.5     243.5     243.5     243.5     243.6     243.6
     243.6     243.6     243.6     243.6     243.7     243.7
     243.7     243.7     243.7     243.7     243.7     243.8
     243.8     243.8     243.8     243.8     243.8     243.8
     243.8     243.9     243.9     243.9     243.9     243.9
     243.9     243.9     243.9     244.0     244.0     244.0
     244.0     244.0     244.0     244.0     244.0     244.0
     244.0     244.1     244.1     244.1     244.1     244.1
     244.1     244.1     244.1     244.1     244.1     244.1
     244.1     244.2     244.2     244.2     244.2     244.2
     244.2     244.2     244.2     244.2     244.2     244.2
     244.2     244.2     244.2     244.3     244.3     244.3
     244.3     244.3     244.3     244.3     244.3     244.3
     244.3     244.3     244.3     244.3     244.3     244.3
     244.3     244.3     244.4     244.4     244.4     244.4
     244.4     244.4     244.4     244.4     244.4     244.4
     244.4     244.4     244.4     244.4     244.4     244.4
     244.4     244.4     244.4     244.4     244.5     244.5
     244.5     244.5     244.5     244.5     244.5     244.5
     244.5     244.5     244.5     244.5     244.5     244.5
     244.5     244.5     244.5     244.5     244.5     244.5
     244.5     244.5     244.5     244.5     244.6     244.6
     244.6     244.6     244.6     244.6     244.6     244.6
     244.6     244.6     244.6     244.6     244.6     244.6
     244.6     244.6     244.6     244.6     244.6     244.6
     244.6     243.5     261.3     390.1     490.0     499.9
     515.6     537.0     537.9     531.3     548.5     559.0
     554.6     567.8     572.8     563.0     537.4     515.7
     506.0     505.2     478.8     452.7     452.7     467.6
     465.3     452.7     445.2     431.6     415.7     390.2
     390.4     373.4     373.2     373.2     368.3     378.5
     382.5     428.4     473.1     482.4     463.7     448.8
     454.9     418.4     403.4     389.8     366.6     350.5
     317.8     298.5     289.5     298.8     307.3     321.4
     324.8     312.0     329.4     329.3     330.1     325.2
     324.0     324.4     324.6     325.6     324.2     322.7
     322.2     321.8     322.2     322.6     322.7     323.6
     325.0     328.0     330.9     329.1     329.0     333.5
     327.3     328.0     325.5     325.5     323.8     322.7
     323.4     323.6     323.2     323.2     322.9     323.0
     323.8     322.9     323.1     322.7     322.7     322.1
     321.5     323.6     322.4     322.3     322.1     322.5
     321.6     322.7     321.5     322.7     322.7     321.4
     319.1     318.1     316.8     316.7     317.5     317.4
     318.4     318.2     319.1     319.4     319.2     319.3
     320.3     319.7     318.7     318.3     322.0     319.0
     316.3     318.4     314.8     316.3     316.0     315.8
     316.9     316.1     316.3     316.0     316.8     318.7
     318.8     319.5     319.7     319.1     319.3     319.7
     320.4     320.8     321.1     321.0     320.5     321.1
     318.0     317.7     318.6     317.8     318.5     319.7
     320.0     320.6     319.2     320.0     319.9     320.3
     320.1     320.2     319.6     319.8     318.5     317.3
     317.8     318.1     318.3     316.4     316.6     316.5
     316.2     314.8     314.2     315.6     326.6     322.6
     316.3     315.8     314.5     314.0     315.8     318.6
     319.5     319.3     318.1     317.2     316.6     317.4
     317.5     317.6     316.6     315.4     314.8     314.8
     314.7     315.1     316.7     318.4     320.1     321.1
     322.1     321.8     321.2     320.9     319.7     317.7
     318.5     317.8     318.1     318.0     317.9     317.8
     316.8     318.1     319.1     321.0     321.8     321.8
     321.1     320.7     323.3     329.3     336.6     327.5
     323.3     323.2     324.0     329.2     331.6     331.2
     330.0     328.1     326.2     327.0     327.3     328.4
     330.6     329.7     329.0     327.7     322.8     318.7
     315.0     312.9     312.1     312.8     324.4     328.6
     324.3     320.5     317.9     317.9     322.7     329.0
     328.7     327.4     329.5     328.4     327.0     326.7
     326.1     326.8     325.4     328.4     320.8     321.5
     321.8     318.1     314.6     315.0     322.1     330.4
     334.3     342.0     338.0     327.5     321.3     325.7
     333.1     350.6     351.7     342.0     331.0     319.4
     311.5     302.9     292.3     285.0     281.4     276.5
     276.3     276.3     276.2     277.5     282.6     288.2
     297.3     311.9     322.3     329.1     331.8     324.9
     321.8     319.3     313.3     306.7     298.2     288.9
     278.2     270.2     266.6     263.5     263.1     259.9
     257.9     257.4     257.1     256.9     264.5     275.5
     288.0     299.9     301.4     297.4     293.4     299.0
     303.6     309.3     309.2     302.1     295.1     292.6
     289.8     285.4     279.6     276.1     271.0     267.6
     266.4     266.5     264.0     263.0     262.9     267.1
     269.1     275.0     277.8     280.2     286.3     292.3
     297.8     303.8     312.9     329.7     347.9     360.8
     373.9     386.5     392.1     401.5     411.0     418.0
     418.3     423.6     428.7     430.4     433.6     441.8
     447.7     460.8     469.0     467.7     468.9     468.7
     463.5     460.2     458.0     458.1     462.4     464.3
     464.0     463.4     460.9     458.0     456.3     455.7
     455.6     458.2     458.4     460.8     463.7     473.9
     468.0     467.2     467.3     465.3     462.1     459.7
     459.0     462.0     463.2     463.9     468.0     472.3
     474.4     474.3     473.9     471.7     469.4     468.8
     471.0     471.8     473.3     476.9     486.4     491.6
     493.6     489.8     484.1     481.7     483.1     491.2
     497.0     497.9     497.3     494.5     491.9     489.6
     489.6     489.7     489.8     490.3     491.2     491.4
     492.3     494.3     496.8     503.7     510.9     509.1
     501.0     501.2     502.3     507.9     515.4     517.8
     515.3     513.6     513.2     513.2     513.8     514.4
     513.8     512.6     511.2     508.5     507.8     507.0
     507.3     507.9     509.2     516.6     526.3     515.7
     514.8     513.6     514.2     520.4     525.3     523.5
     520.1     520.4     521.5     520.7     520.4     519.9
     519.8     519.9     523.6     529.5     532.9     534.1
     534.0     532.2     531.5     531.4     532.0     532.5
     532.5     530.8     531.4     532.8     531.9     532.0
     531.5     530.9     529.9     529.9     529.6     529.0
     527.5     525.9     524.6     525.2     525.3     525.0
     524.3     524.2     525.2     526.9     537.9     544.4
     536.3     536.7     536.2     536.1     533.8     534.6
     549.3     561.4     564.4     564.0     562.5     560.0
     556.6     552.4     548.8     545.0     542.2     538.4
     536.0     534.9     536.3     538.1     543.0     552.7
     561.0     571.8     582.7     582.8     575.6     576.8
     586.4     583.0     572.6     566.0     562.8     555.2
     545.2     541.2     545.0     549.8     544.0     536.8
     534.3     535.8     541.1     540.3     544.8     552.7
     557.6     570.4     566.5     565.2     563.1     564.8
     566.9     558.8     554.5     551.9     539.1     531.7
     528.9     532.0     529.9     536.2     535.8     531.9
     527.0     527.8     526.0     528.7     534.6     540.8
     555.8     568.3     567.2     564.1     564.6     562.8
     558.2     557.3     556.4     553.3     551.0     548.2
     550.0     550.7     544.3     540.6     537.1     537.8
     540.2     540.6     539.8     543.6     557.3     564.7
     547.6     536.0     543.3     547.5     550.4     552.6
     555.0     560.0     564.7     575.8     581.7     581.1
     579.3     578.9     577.7     583.5     587.5     596.2
     606.5     605.5     602.4     603.6     607.3     621.0
     611.7     595.4     590.6     599.6     602.4     601.3
     606.3     608.4     604.0     599.3     594.4     591.7
     593.4     586.7     582.1     577.9     577.1     578.4
     573.6     566.4     564.6     564.3     567.1     568.8
     573.5     577.3     577.9     576.8     571.1     566.8
     563.6     572.4     576.6     573.2     569.9     570.5
     569.0     568.3     570.2     570.5     566.6     563.4
     562.5     563.1     559.1     556.1     554.4     551.5
     555.1     558.3     555.3     554.4     566.1     577.1
     577.5     573.8     573.1     568.0     566.1     564.2
     562.2     561.2     556.9     557.1     557.2     554.5
     553.9     554.5     553.7     550.1     547.7     545.3
     539.7     541.0     553.7     562.1     570.3     571.6
     571.3     570.7     565.8     565.1     565.5     560.2
     558.8     557.2     550.3     545.6     546.1     544.1
     544.0     540.6     546.7     544.2     541.2     547.0
     556.1     559.0     558.6     559.3     559.9     559.6
     561.3     559.3     557.3     552.0     551.0     550.3
     551.7     552.6     555.0     560.1     560.5     559.6
     560.4     562.0     557.7     562.0     563.4     559.3
     559.9     561.8     563.6     560.9     561.2     561.6
     567.4     570.9     564.6     559.0     562.0     567.2
     570.2     567.5     568.5     570.4     569.2     564.3
     564.6     565.5     564.6     563.6     567.6     568.2
     566.7     562.4     562.1     572.2     571.8     571.1
     574.3     576.3     578.3     577.7     575.7     574.4
     574.6     572.5     567.2     560.3     561.3     565.5
     566.4     565.4     566.4     564.9     561.4     564.1
     566.9     568.1     570.2     569.1     570.3     568.6
     569.2     570.8     572.1     567.5     566.8     574.2
     572.5     570.2     573.4     571.0     571.2     576.5
     576.0     568.7     560.8     553.2     546.8     551.8
     563.2     569.9     569.4     568.7     566.4     563.6
     570.0     573.9     571.8     572.7     576.5     576.6
     574.2     574.2     583.2     584.6     582.2     578.6
     576.7     575.4     573.8     571.3     567.8     567.4
     571.0     570.5     570.2     563.6     551.4     548.8
     551.9     562.2     559.7     553.0     557.6     562.4
     564.8     556.4     551.4     557.7     565.6     565.1
     563.9     565.3     569.3     572.8     572.6     567.8
     563.2     563.7     566.1     563.3     557.6     559.2
     561.3     560.9     560.5     559.6     557.5     564.5
     566.4     565.1     564.3     558.0     550.7     553.9
     561.8     561.3     554.5     560.0     563.2     560.2
     557.2     555.5     558.8     561.3     559.2     562.3
     561.5     559.3     557.9     554.8     552.3     551.9
     555.1     557.6     555.8     555.1     553.9     549.7
     555.5     556.9     549.0     551.8     554.5     553.2
     550.1     551.2     550.5     554.2     553.8     552.4
     552.8     556.6     555.1     551.9     558.1     558.6
     558.6     559.6     563.3     564.1     563.2     563.8
     564.2     563.9     559.7     556.8     555.2     553.0
     548.8     548.1     547.7     547.4     545.6     539.9
     536.8     536.1     535.2     533.8     533.9     541.0
     546.7     548.7     543.0     544.0     551.0     555.3
     550.7     549.2     549.3     547.5     543.8     537.0
     533.8     528.9     526.2     526.9     521.9     515.8
     515.3     512.3     510.9     508.0     504.1     499.2
     497.5     491.3     486.7     483.1     478.9     475.3
     468.2     469.2     472.6     473.4     471.0     463.9
     458.7     457.6     458.3     468.7     468.5     463.4
     459.0     454.0     453.1     449.3     445.5     441.7
     441.2     440.1     438.4     439.5     433.1     423.9
     415.1     415.3     415.9     414.9     411.1     408.6
     407.8     415.7     423.3     418.5     414.6     414.2
     418.4     423.9     422.5     418.8     418.1     412.6
     408.4     405.7     400.9     399.0     396.7     394.9
     394.7     392.3     390.3     388.5     389.6     387.6
     383.7     380.6     379.2     380.6     377.7     375.2
     374.2     372.1     370.7     367.9     364.0     364.2
     363.4     362.1     364.6     364.7     369.5     373.0
     372.5     376.2     376.5     374.7     373.5     372.1
     369.8     369.1     365.5     364.7     361.4     360.7
     361.0     362.0     355.7     360.5     362.2     361.2
     362.5     365.9     373.8     375.5     376.9     376.6
     377.9     380.6     380.3     376.1     378.4     377.6
     374.7     371.2     369.9     368.9     366.7     359.3
     356.5     362.6     357.0     360.2     360.5     360.6
     360.5     357.2     361.3     362.1     362.3     360.8
     360.6     359.0     357.9     357.6     355.4     354.3
     353.2     349.9     347.6     348.4     347.4     347.3
     346.4     345.0     347.0     348.5     349.7     350.4
     347.4     345.6     350.3     353.3     352.9     354.1
     355.3     355.9     356.2     357.5     356.6     355.0
     355.4     353.9     351.4     351.4     349.4     348.2
     348.3     349.8     347.2     349.5     352.9     353.5
     353.1     351.0     350.0     349.5     346.0     343.2
     341.1     340.1     341.6     349.4     357.8     362.3
     365.7     373.6     373.9     379.2     381.2     380.8
     384.2     391.8     392.9     389.1     384.7     387.0
     390.0     389.9     383.6     380.7     378.4     378.3
     384.9     385.3     380.7     383.4     386.5     389.0
     389.6     385.1     382.4     380.0     374.8     367.8
     364.8     362.7     359.5     362.0     360.0     361.3
     366.6     376.2     378.2     379.6     384.8     385.5
     383.2     380.5     380.2     380.4     380.7     378.2
     376.5     374.4     373.7     371.2     367.2     362.6
     359.9     359.1     358.3     354.5     352.5     353.5
     350.6     349.4     349.1     348.9     347.8     343.1
     339.4     340.1     345.3     354.7     352.7     341.4
     338.9     340.7     355.5     350.1     348.1     343.6
     342.3     345.0     344.8     348.0     343.4     337.6
     338.3     336.5     336.1     335.2     332.2     329.7
     331.2     329.3     331.2     339.8     345.2     337.0
     334.7     336.9     340.4     342.4     343.8     343.6
     343.6     343.5     344.9     345.7     345.7     343.6
     341.2     341.2     338.9     338.8     337.8     334.8
     332.6     333.9     335.1     335.7     337.4     340.3
     342.2     341.1     342.4     338.8     336.5     334.0
     332.3     336.4     336.1     336.3     337.8     340.9
     341.0     347.5     349.9     348.5     349.4     349.1
     349.3     347.4     347.6     346.8     346.3     346.4
     345.3     344.5     341.2     343.0     341.6     343.1
     341.5     345.9     345.6     344.8     341.0     342.3
     342.0     342.4     341.9     343.4     342.7     338.3
     338.9     339.4     340.5     338.0     335.5     336.2
     336.7     335.5     337.4     338.4     337.8     339.2
     341.1     340.4     340.6     340.6     338.9     338.6
     337.7     339.8     340.5     340.1     340.2     339.1
     338.7     338.1     338.7     338.9     335.0     333.7
     334.6     333.4     333.5     332.9     333.2     333.6
     336.8     337.5     336.6     334.2     333.0     332.0
     330.1     329.7     329.3     330.9     331.1     333.4
     333.7     332.7     331.1     330.4     329.4     324.0
     320.8     318.4     319.9     320.0     322.7     319.7
     315.7     319.9     322.5     323.2     320.5     319.3
     318.4     318.0     316.6     314.8     313.2     314.0
     312.4     311.2     309.5     305.8     305.6     303.9
     301.6     299.8     299.1     296.7     290.3     289.6
     286.1     287.8     289.0     288.8     285.9     283.3
     281.8     279.4     277.7     277.4     275.5     272.6
     272.3     272.1     271.2     270.5     269.4     268.4
     264.9     263.8     264.4     264.6     262.2     262.2
     261.6     262.5     263.8     261.7     260.4     259.6
     258.0     258.1     257.1     255.1     253.6     253.0
     252.7     252.0     251.9     250.2     248.0     246.1
     246.3     246.3     246.2     246.5     246.4     245.1
     243.2     241.6     241.4     240.4     238.2     237.0
     233.2     231.9     230.3     228.1     226.9     226.1
     225.2     225.2     224.4     223.7     223.1     222.2
     216.4     212.2     211.4     215.7     218.6     219.0
     218.9     217.8     216.6     215.9     216.5     216.4
     214.2     213.5     213.3     213.2     212.2     210.7
     209.6     209.9     209.9     209.9     210.0     207.4
     204.8     206.2     205.6     199.2     198.1     196.0
     197.5     201.8     205.3     200.0     194.3     194.4
     198.9     203.2     204.3     203.7     202.4     201.3
     199.8     199.4     200.0     198.9     194.0     190.7
     190.2     191.2     192.7     189.4     187.2     188.2
     193.5     198.9     201.8     203.7     204.7     204.2
     203.9     204.0     204.1     203.8     203.2     202.9
     201.9     201.4     200.7     199.7     200.0     193.9
     192.3     195.4     196.9     196.2     197.1     196.9
     195.8     195.8     201.4     204.7     206.0     208.4
     209.3     209.7     209.0     208.6     208.8     209.2
     209.0     209.4     209.4     209.2     208.7     209.8
     213.7     220.6     225.1     226.6     226.8     225.5
     226.9     229.6     229.7     230.7     230.4     229.5
     229.2     230.2     229.7     228.9     229.6     231.3
     231.8     231.5     232.6     232.0     232.3     231.9
     230.4     229.6     228.3     226.5     226.3     226.3
     226.4     226.3     225.5     225.4     226.4     226.9
     227.7     228.1     230.3     233.3     235.3     235.8
     235.7     237.7     238.5     236.3     236.0     236.6
     236.2     234.1     234.6     234.0     233.9     232.1
     230.8     228.6     224.1     220.6     219.7     217.7
     214.7     212.3     212.9     212.2     210.8     211.1
     210.8     211.4     212.7     212.3     213.2     212.2
     209.1     207.1     207.0     207.3     206.7     203.2
     201.8     198.1     198.6     199.6     200.3     197.2
     202.1     204.1     204.6     204.9     205.0     205.6
     207.0     207.2     206.9     207.0     206.1     205.6
     206.0     204.1     203.9     203.6     200.8     200.7
     199.9     201.2     201.6     201.5     200.3     199.7
     200.8     200.2     199.6     199.8     200.6     202.4
     203.7     204.8     205.6     206.2     207.0     206.3
     205.3     204.7     204.4     204.8     203.0     203.3
     205.6     202.8     197.4     194.2     193.4     192.3
     191.3     191.3     191.7     192.3     194.7     198.1
     201.7     204.8     205.5     204.2     200.8     202.0
     203.7     203.8     202.4     201.5     201.0     206.6
     213.0     213.6     212.7     210.3     206.3     202.6
     203.0     202.7     201.1     200.5     199.9     202.9
     202.9     202.3     203.9     203.3     202.5     203.0
     202.8     203.0     202.4     201.4     200.5     199.7
     196.8     196.3     195.2     195.1     194.4     194.0
     195.2     194.7     192.9     191.7     192.3     192.3
     191.0     190.5     190.5     189.1     187.5     187.7
     186.2     174.0     159.7     149.4     142.9     157.1
     152.8     143.8     138.3     132.2     133.5     136.0
     138.5     139.7     136.5     136.9     139.0     142.0
     143.7     144.3     144.7     145.5     146.8     145.7
     144.2     142.2     138.7     135.4     132.6     130.0
     127.0     127.1     126.8     124.6     124.5     125.1
     127.4     130.4     133.2     135.1     138.4     140.2
     140.6     141.3     141.4     142.0     141.1     138.4
     137.2     132.4     129.5     128.6     128.1     127.1
     124.4     123.3     124.0     125.4     126.4     127.9
     128.3     129.0     130.0     130.2     129.9     129.9
     130.5     130.6     129.5     129.6     131.8     131.7
     129.3     126.9     125.4     127.8     127.9     125.6
     128.1     126.2     125.6     128.9     129.5     131.6
     131.0     132.8     136.3     137.6     138.6     139.8
     139.8     143.0     142.4     142.5     151.9     143.5
     133.0     129.5     127.5     125.0     123.1     121.8
     119.7     118.5     118.2     117.0     116.7     116.9
     117.8     118.1     117.2     116.9     116.9     116.3
     116.6     116.7     117.0     117.7     118.3     117.9
     118.3     118.0     118.2     117.4     116.9     115.4
     112.8     112.5     110.1     109.2     109.1     110.1
     110.3     110.3     109.7     110.0     109.8     110.0
     110.4     111.0     111.5     111.4     111.4     111.6
     110.9     111.1     109.7     110.1     110.0     110.4
     110.0     109.6     108.8     106.7     105.6     105.9
     105.1     103.5     103.9     106.1     107.5     107.6
     107.4     107.7     108.7     108.7     108.5     107.5
     107.3     107.5     107.8     107.2     107.1     105.5
     103.9     103.6     102.5     101.8     101.9     103.3
     102.8     102.7     104.6     105.3     105.6     106.2
     106.4     107.0     107.9     108.0     107.7     106.6
     102.8     102.1     101.4     100.7     104.4     104.2
     102.7     101.3     105.3     109.9     112.3     113.7
     116.4     118.7     121.0     123.9     126.4     128.6
     130.2     131.4     132.1     132.4     133.0     132.7
     136.2     164.5     139.0     120.4     113.6     115.4
     119.6     122.5     124.9     126.0     126.6     125.4
     127.3     126.3     126.4     126.5     125.1     125.5
     123.9     123.9     123.6     122.1     123.0     121.9
     116.6     113.2     108.7     104.8     101.4      98.9
      98.1      98.1      98.2     101.1     105.9     106.0
     106.3     107.5     108.3     107.8     109.6     109.6
     108.9     109.6     110.2     112.0     114.1     114.5
     114.9     115.2     114.8     115.6     114.0     111.3
     110.1     109.7     108.7     107.6     108.1     108.4
     107.7     108.1     108.7     107.9     108.4     109.2
     110.4     109.6     111.0     112.8     114.2     114.0
     114.9     114.5     114.8     115.1     115.4     115.3
     114.9     113.5     112.8     111.0     107.9     106.0
     104.6     103.4     102.5     101.9     101.8     101.8
     101.5     101.7     101.7     101.2     101.1     101.0
     100.1      99.5      97.8      97.2      96.6      97.5
      95.9      94.0      93.3      92.8      93.1      93.8
      94.0      97.1      99.0      99.8     100.0     101.0
     100.9     101.6     101.8     101.8     101.3     100.6
     100.3     100.2      99.6      99.8      99.5      98.1
      96.9      97.4      97.1      93.5      92.4      92.5
      95.1      95.8      96.5      96.3      96.1      97.1
      96.9      97.1      97.1      97.1      96.9      96.5
      96.9      97.7      97.6      97.8      97.1      97.2
      97.6      97.7      98.3      98.3      98.3      98.3
      98.3      98.5      98.6      98.4      98.3      98.2
      98.0      98.2      98.0      96.2      95.7      94.5
      94.1      94.4      94.9      96.3      97.0      98.5
      98.7      98.6      98.6      99.2      99.4      99.5
      99.8     101.2     101.5     102.0     101.8     101.7
     101.4     101.5     101.2     101.5     101.7     101.8
     102.1     101.9     104.2     105.6     105.8     104.9
     102.4     101.5     101.2     101.0     100.5     100.1
     100.2     100.5     101.0     101.9     103.1     105.2
     106.3     106.6     107.8     108.2     108.0     106.0
     105.8     107.0     105.9     106.1     106.9     105.4
     104.0     103.3     105.1     104.9     103.8     104.6
     104.2     103.2     103.9     104.8     103.0     101.6
     100.8     101.3     101.7     100.1      99.5      99.7
     102.2     106.9     105.8     102.9     101.0     100.8
     101.4     101.9     102.9     102.8     102.8     103.6
     103.4     103.1     101.9     101.6     101.3     100.4
      99.9     100.6     101.9     101.9     102.0     101.5
     101.4     101.2     100.7     100.3      99.1      97.5
      95.0      93.0      93.2      93.2      93.1      93.6
      94.4      94.7      96.4      97.0      96.2      96.6
      96.7      96.9      97.4      97.2      97.5      98.1
      99.4     100.2     101.1     101.0     100.3     100.2
      99.8      99.5      98.6      99.2      96.4      95.8
      96.5      98.1      97.0      95.0      93.4      92.8
      92.3      93.1      93.0      92.7      94.6      93.2
      90.5      91.4      91.0      89.3      86.6      86.6
      84.9      83.6      85.4      87.2      89.0      90.1
      90.9      92.5      96.0     103.5     109.2     113.2
     115.2     116.0     115.9     117.6     120.6     122.2
     123.5     125.1     125.1     124.7     123.2     120.4
     118.1     116.9     114.3     115.2     117.9     120.2
     124.2     126.0     127.3     128.1     128.7     130.0
     133.0     134.5     135.8     137.2     137.7     135.9
     134.8     137.8     139.2     138.8     136.3     133.2
     130.6     128.0     126.8     127.0     127.7     126.9
     125.3     123.2     123.5     121.9     122.0     124.4
     124.8     124.1     124.5     125.0     125.1     125.1
     124.9     124.7     123.8     122.6     119.9     117.2
     117.1     114.9     113.7     113.3     112.4     110.9
     108.2     104.9     102.0     100.5      98.7      97.6
      96.7      96.1      95.5      95.0      94.3      93.8
      93.3      92.4      92.2      91.6      90.7      90.4
      89.8      88.8      88.3      87.2      87.2      87.0
      86.4      85.5      85.4      85.3      85.1      84.8
      84.8      85.2      86.1      86.8      86.8      87.4
      87.6      87.5      87.0      86.6      86.3      86.1
      85.1      84.3      83.4      84.2      84.6      85.1
      84.9      84.6      84.8      84.5      84.3      84.3
      84.1      84.2      84.2      84.2      83.9      83.8
      82.7      81.7      80.4      79.0      79.4      79.9
      82.1      83.8      99.1      88.3      82.1      85.6
      97.4     100.3     107.7     110.9     109.8     110.2
     111.4     108.1     110.7     112.6     113.2     111.6
     111.1     107.5     103.1      96.2      93.1      90.7
      88.4      88.2      87.1      86.9      85.7      85.6
      86.1      85.8      87.0      88.9      91.2      91.9
      93.7      94.6      94.6      94.8      95.1      93.8
      94.5      95.6      94.2      95.3      95.3      95.3
      95.1      94.7      93.0      92.8      94.7      95.4
      96.9      98.7      99.7     100.9     102.3     102.6
     104.3     106.3     106.8     106.9     107.5     106.8
     105.9     105.6     106.7     105.6     104.2     103.5
     101.3      99.8      99.1      96.3      96.0      94.2
      91.9      92.0      93.8      95.8      96.4      94.7
      92.9      93.3      93.7      94.4      95.6      96.0
      95.6      94.5      92.9      91.3      90.6      88.0
      85.5      84.6      84.3      83.9      82.4      82.2
      81.3      81.2      82.3      82.8      83.1      83.0
      83.6      84.7      84.9      84.7      83.5      83.5
      82.9      80.8      78.9      78.9      79.6      79.5
      78.3      76.4      75.4      77.2      80.7      82.8
      83.7      83.6      83.9      83.5      84.2      85.1
      85.3      85.2      85.4      85.1      84.4      85.2
     106.6     127.0     105.9      96.6      92.1      92.6
      95.0      94.9      95.8      97.3      96.3      97.4
      99.5      98.6      99.2      99.0      99.0      99.0
      98.8      99.3      99.2      98.3      95.9      97.3
      98.5      98.5      97.2      97.1      95.9      95.8
      97.5      98.6     100.1     101.8     102.6     102.6
     102.2     102.1     101.5     102.1     101.9     103.3
     105.7     105.7     106.8     106.1     105.0     106.4
     107.9     107.7     107.1     105.9     106.0     105.5
     105.4     106.6     107.2     106.7     108.3     109.5
     110.5     110.9     110.8     111.0     112.1     111.8
     113.9     114.1     115.3     116.0     107.7      98.1
      92.5      88.2      86.1      85.4      83.0      79.5
      79.3      78.0      76.4      76.6      76.4      77.3
      77.2      76.5      76.7      76.1      74.9      75.6
      76.4      76.5      77.1      77.2      77.5      75.6
      75.2      75.8      77.7      77.7      76.6      75.3
      74.9      74.8      74.4      74.4      74.5      75.3
      76.6      76.4      76.5      76.4      76.5      75.7
      76.0      76.0      76.2      76.0      75.9      76.2
      76.2      76.2      75.0      73.9      72.6      72.4
      72.4      73.9      74.7      73.4      72.2      73.5
      73.0      73.4      73.4      72.3      71.9      71.2
      70.6      70.5      70.4      70.5      70.8      70.8
      70.2      70.0      70.2      71.2      72.9      76.4
      72.8      72.9      72.5      73.2      74.0      74.4
      75.3      76.6      77.2      77.3      77.4      77.4
      77.7      78.0      77.6      77.5      78.0      78.1
      78.6      78.8      79.0      79.6      79.0      79.1
      79.0      79.2      79.5      79.8      79.5      78.9
      78.8      78.7      77.9      78.3      78.6      79.2
      80.1      80.3      81.2      80.3      78.8      78.3
      78.3      77.8      78.3      78.0      77.9      78.4
      78.0      78.1      76.9      76.1      77.9      79.7
      80.0      80.3      80.5      80.6      81.2      82.0
      82.6      83.6      84.4      84.6      84.6      85.2
      85.0      84.2      82.8      81.2      80.3      79.4
      78.6      76.7      74.7      73.7      73.6      73.0
      72.1      72.4      72.0      73.4      74.1      74.9
      75.8      76.2      76.3      76.5      76.6      75.8
      75.4      76.9      76.8      75.2      75.7      75.4
      74.0      74.9      74.5      75.5      76.0      76.3
      76.5      76.8      77.1      77.5      77.8      78.0
      78.7      79.1      78.8      77.5      76.9      76.3
      75.5      75.5      75.5      76.6      77.7      76.4
      76.2      76.6      75.0      74.2      74.9      72.6
      72.6      72.9      72.7      73.1      72.7      73.9
      73.6      76.5      76.4      76.0      76.4      75.7
      78.3      77.0      72.1      69.3      69.8      72.0
      71.9      71.9      70.6      70.5      70.8      72.1
      73.2      73.3      73.6      74.1      72.3      71.4
      71.3      73.2      75.2      75.5      75.6      75.8
      75.9      76.8      76.4      76.1      76.4      76.3
      75.6      74.6      73.4      72.6      74.8      76.0
      76.1      76.2      74.0      72.2      72.4      72.8
      74.2      75.3      75.6      77.0      77.5      77.9
      78.0      78.3      78.3      77.9      76.7      77.6
      78.5      78.7      76.3      74.9      74.4      75.1
      75.1      76.6      75.3      75.1      75.9      77.9
      78.8      79.1      79.6      80.1      80.1      80.3
      79.5      77.2      75.9      76.9      76.0      82.4
      83.3      80.2      78.5      78.4      80.8      81.9
      82.4      82.6      82.6      83.2      83.5      83.8
      84.2      84.6      84.6      84.0      83.9      84.8
      84.7      84.9      83.5      83.7      84.1      83.5
      83.1      82.3      81.6      81.3      80.9      80.2
      79.5      79.8      79.5      79.4      78.4      78.3
      78.4      79.3      79.2      78.9      78.5      78.1
      78.3      78.3      78.5      81.7      81.5      80.3
      80.2      80.1      80.4      80.8      80.3      80.1
      80.5      80.5      80.2      80.7      80.8      80.3
      80.5      81.2      81.7      81.4      81.5      82.0
      82.4      82.3      80.9      79.9      78.6      78.1
      78.5      77.7      75.7      74.0      73.2      72.9
      72.8      72.5      71.7      71.8      71.7      73.2
      73.8      73.9      72.8      72.4      72.9      74.3
      74.6      74.7      74.6      74.5      74.6      74.7
      74.5      74.0      73.6      73.4      73.4      73.2
      73.1      73.2      72.8      72.4      71.7      71.9
      72.5      72.6      72.5      72.0      71.9      71.3
      68.8      66.9      67.0      66.2      66.0      64.8
      64.2      63.6      63.4      63.5      63.9      64.9
      65.5      65.8      65.9      66.0      66.0      66.1
      66.7      66.8      66.6      66.2      66.2      66.4
      66.7      66.2      65.7      63.8      63.9      64.2
      66.6      67.4      65.9      66.3      67.7      67.8
      68.8      69.4      69.4      69.4      69.4      69.5
      69.7      69.8      70.0      69.6      69.0      69.1
      69.9      69.1      68.2      67.6      66.2      65.9
      65.1      65.6      65.7      67.0      67.5      67.8
      68.3      68.7      68.9      68.0      68.1      69.1
      69.4      69.7      70.4      70.1      69.1      69.5
      70.2      70.0      69.7      69.6      68.9      67.4
      66.3      65.9      65.7      65.9      66.1      66.0
      66.1      66.1      66.6      68.0      70.4      70.9
      71.1      70.7      70.9      70.4      69.8      69.9
      70.1      69.6      69.7      69.1      69.0      68.2
      67.3      67.0      66.4      67.5      67.3      67.7
      68.0      67.7      67.4      67.2      67.8      69.1
      70.3      69.8      70.8      70.5      69.9      69.4
      70.7      70.0      69.6      70.3      69.2      67.4
      66.7      66.7      66.8      66.7      67.4      68.0
      68.0      67.6      67.6      67.9      68.3      70.3
      70.5      69.6      69.0      69.0      71.7      72.8
      72.9      74.4      75.5      75.7      75.2      74.0
      72.1      71.0      71.0      70.8      69.8      70.2
      70.5      72.6      73.9      74.2      72.9      74.6
      73.2      74.6      78.0      79.1      79.9      84.9
      88.4      84.4      82.7      82.2      80.7      81.0
      80.6      78.7      78.1      79.4      78.7      80.0
      81.2      77.6      76.2      78.1      80.5      81.0
      81.6      82.4      82.9      83.2      83.7      83.8
      84.4      84.5      84.1      83.8      83.0      81.1
      80.6      80.5      79.8      78.5      77.6     122.7
     123.3     119.8     117.0     113.2     109.5     105.9
     102.3     101.0     100.4      98.8      96.8      95.8
      96.9      99.0     100.8     101.5     101.8     100.1
      97.4      99.2     102.5     101.4      99.5      95.2
      95.5      97.0      98.0      98.0      98.8      99.9
     102.8     108.3     113.2     117.2     121.0     123.1
     124.9     127.8     132.4     134.1     132.6     134.6
     140.2     150.1     160.2     170.2     185.5     200.1
     212.7     226.8     233.9     240.5     243.4     242.5
     246.5     247.0     247.9     250.0     252.5     256.2
     258.2     261.1     264.6     267.7     265.4     265.7
     266.4     264.8     270.4     277.2     278.0     287.9
     290.4     289.7     294.9     298.8     297.6     297.7
     300.5     301.1     299.2     300.0     299.2     299.3
     295.1     296.8     298.8     299.6     305.1     305.6
     304.9     306.3     306.4     304.7     306.4     311.6
     310.9     310.9     312.6     313.1     313.8     314.4
     314.7     315.7     318.2     320.0     319.2     321.7
     324.7     327.2     329.1     337.3     344.6     351.8
     356.8     360.1     361.4     361.5     360.3     361.2
     357.9     357.0     350.8     345.5     337.7     332.0
     327.4     321.3     316.5     315.6     316.4     318.8
     323.3     327.9     331.6     337.2     339.4     340.4
     340.7     341.0     338.4     342.1     339.5     346.9
     348.4     348.5     348.8     346.9     343.7     348.4
     350.2     351.1     350.8     347.6     341.2     335.9
     328.6     326.1     326.0     324.0     322.7     318.3
     320.0     317.1     316.6     316.4     312.9     315.9
     314.5     312.5     309.4     303.6     299.0     293.9
     288.0     283.6     281.6     278.9     274.9     271.8
     270.4     266.5     267.8     267.5     269.8     265.8
     257.1     255.9     259.3     252.7     250.0     252.9
     254.0     253.7     253.2     254.3     252.8     252.9
     252.6     251.9     251.2     249.3     250.1     249.4
     249.7     249.2     249.4     248.0     248.2     250.2
     254.3     253.8     249.6     245.7     247.0     246.8
     246.1     245.8     244.3     241.5     235.8     229.8
     224.6     219.6     214.5     209.6     205.2     200.4
     196.7     192.4     188.2     184.0     177.3     172.9
     171.0     170.0     169.1     167.9     165.3     162.8
     159.8     157.7     156.5     156.0     155.0     153.4
     152.5     152.4     151.6     150.3     149.3     148.6
     145.2     141.9     139.3     136.3     136.0     137.7
     135.9     133.3     132.0     128.0     125.8     126.6
     129.3     132.2     133.9     135.3     136.2     135.3
     135.5     136.1     136.2     135.8     136.8     135.9
     135.2     134.1     133.6     132.7     132.2     130.7
     129.9     129.4     127.2     124.0     121.0     118.0
     117.6     117.0     116.5     117.5     117.1     116.5
     117.0     116.0     116.5     119.1     123.5     123.3
     121.4     121.9     123.5     123.0     122.6     122.7
     122.0     121.9     119.5     116.7     118.2     119.1
     117.2     113.4     113.1     116.4     117.3     116.6
     116.0     117.7     122.5     131.9     146.0     158.9
     169.3     180.5     190.5     198.3     206.8     213.1
     220.9     226.4     228.6     229.3     234.5     239.0
     240.0     241.4     244.3     247.5     246.3     244.2
     246.2     247.7     243.2     241.4     242.2     243.5
     242.5     242.5     244.7     244.8     246.6     250.1
     250.4     247.1     237.1     233.4     234.9     237.6
     243.5     246.7     249.3     252.7     252.5     254.5
     254.5     256.6     253.9     252.5     250.7     249.7
     250.0     247.5     245.5     243.4     243.6     244.8
     245.0     240.3     239.1     242.6     245.8     250.0
     254.3     256.3     262.5     271.1     275.6     283.6
     286.9     289.7     290.5     290.0     285.7     283.4
     281.0     279.7     277.7     274.4     271.3     266.8
     261.3     255.1     249.7     243.1     237.5     229.8
     223.9     219.8     216.7     215.7     215.6     216.9
     219.9     222.7     226.6     228.2     228.8     228.7
     230.1     228.8     228.5     225.8     225.4     223.9
     221.5     215.5     218.9     217.0     217.7     218.3
     220.7     221.3     219.8     220.3     220.0     220.5
     220.3     220.6     220.5     218.1     216.0     229.6
     238.3     228.7     224.0     222.2     223.1     221.4
     218.1     214.1     210.7     207.6     204.9     202.5
     200.2     196.8     194.2     191.7     190.1     187.0
     182.5     178.8     175.2     172.3     170.0     167.4
     165.0     164.4     164.0     164.1     163.6     163.2
     162.0     158.8     158.5     159.3     158.1     153.5
     151.4     151.5     150.1     147.2     143.3     139.5
     137.5     140.2     143.8     143.5     143.5     143.8
     143.6     143.5     143.3     142.6     140.6     138.1
     136.1     134.7     134.2     131.6     129.6     127.8
     126.2     125.9     124.5     122.8     121.4     118.6
     114.3     112.3     112.3     112.3     113.7     115.3
     115.9     116.0     114.4     113.5     107.3     101.5
      96.9      94.5      91.8      90.2      89.2      89.4
      86.4      85.3      86.0      86.5      85.3      84.1
      83.5      83.8      83.5      83.1      83.0      82.9
      83.0      82.7      82.0      81.6      81.6      81.1
      79.7      80.7      80.6      79.2      77.5      76.4
      75.7      74.9      73.5      72.8      72.5      71.9
      73.1      76.4      80.3      84.0      87.0      91.3
     102.5     111.3     114.4     113.6     112.7     113.7
     113.3     112.1     111.6     113.1     113.5     113.7
     113.6     112.5     112.2     113.0     113.7     115.0
     116.9     119.4     122.1     123.4     124.1     124.4
     124.5     126.7     129.1     130.0     131.4     128.3
     125.1     121.6     117.9     114.9     112.9     110.4
     108.6     107.5     107.3     107.2     106.8     106.7
     105.9     104.8     104.6     102.3     100.7     103.4
     106.0     107.0     107.3     107.8     106.2     105.5
     104.9     103.5     102.3     101.5     101.0     101.4
     103.1     103.5     102.6     101.7     101.3     101.2
     100.5      99.8      99.0      98.4      95.2      91.5
      90.8      89.5      89.1      87.8      84.6      81.4
      79.4      77.6      76.3      76.2      76.3      74.9
      72.2      70.7      69.1      67.3      67.3      68.2
      67.8      65.9      65.6      63.4      61.8      60.8
      60.2      60.4      62.1      65.1      75.4      91.3
     107.4     119.4     128.7     137.6     144.3     151.6
     158.6     162.3     165.3     166.8     168.7     172.1
     174.2     177.0     179.7     182.0     182.2     183.5
     186.4     207.0     214.4     215.1     216.5     215.2
     215.0     217.4     216.1     217.5     218.0     216.4
     217.2     216.1     218.9     217.6     216.1     216.4
     214.7     215.7     216.8     216.0     214.5     213.5
     211.1     209.0     205.4     205.7     204.3     201.7
     199.3     195.9     196.1     194.0     191.7     189.7
     190.6     190.3     189.9     189.6     190.1     192.3
     197.9     202.9     210.0     216.1     223.8     230.6
     234.5     239.9     242.8     242.6     244.2     240.6
     238.1     242.5     240.9     238.9     235.9     236.9
     235.7     234.7     234.7     236.2     236.9     235.2
     237.1     238.8     237.3     235.3     236.3     236.5
     236.4     235.0     232.2     233.3     232.9     230.4
     228.7     228.2     225.9     225.5     224.6     225.6
     225.3     225.0     223.4     221.2     222.1     222.7
     224.5     224.8     222.1     221.5     220.7     219.1
     218.5     216.3     213.8     213.7     211.6     209.5
     207.2     204.5     205.4     203.6     202.9     201.7
     201.4     202.5     202.2     202.0     201.3     201.1
     200.4     199.5     197.5     187.3     186.3     191.2
     189.1     183.7     179.1     176.5     175.7     172.8
     170.2     166.8     161.1     157.0     150.0     148.2
     148.9     149.7     151.9     153.9     158.1     162.0
     166.6     170.2     174.2     176.3     177.9     180.0
     182.5     183.4     186.7     187.4     187.5     190.9
     193.4     193.9     197.4     205.5     213.7     220.3
     224.9     230.6     231.7     233.8     232.2     228.4
     225.2     223.7     219.2     213.5     206.9     201.9
     197.9     193.1     185.0     181.4     178.3     174.7
     168.4     161.9     159.8     157.1     153.2     148.8
     147.0     145.6     144.6     142.1     139.0     139.5
     136.3     135.1     137.3     136.3     133.6     132.1
     131.9     131.2     131.2     131.9     132.3     130.6
     125.2     119.3     115.6     112.0     109.2     109.2
     109.3     109.0     107.7     106.2     104.7     103.6
     102.4     102.0     101.8     101.0      99.9      99.7
      99.1      98.0      97.1      96.8      95.0      93.3
      92.4      91.7      91.9      91.2      87.7      83.4
      80.9      79.4      78.7      78.6      80.4      81.3
      79.2      75.8      76.4      73.8      73.9      76.9
      79.1      79.3      78.5      76.6      76.3      74.0
      75.6      75.1      74.8      73.3      75.8      76.2
      77.2      77.0      76.3      76.2      76.4      76.8
      76.8      77.2      76.8      76.2      76.3      75.6
      67.3      66.2      66.1      65.8      66.9      68.2
      69.5      71.7      75.0      77.0      78.6      79.3
      79.8      80.8      82.2      84.3      87.4      90.3
      92.8      96.2      98.4     100.3     102.1     103.7
     105.9     106.7     107.4     109.3     111.4     112.8
     111.9     110.4     109.5     109.2     109.3     109.1
     108.2     107.6     107.0     106.8     106.7     106.5
     106.8     107.6     108.3     108.3     108.6     109.4
     109.7     108.5     105.5     101.9      99.1      96.5
      92.0      86.5      87.3      87.5      85.9      84.3
      83.2      82.8      81.5      80.0      78.9      77.8
      77.0      76.5      76.4      75.7      75.0      74.4
      74.2      74.2      73.6      72.2      68.5      66.3
      64.1      61.4      60.4      58.5      57.4      57.9
      57.7      57.1      56.4      56.0      55.6      55.0
      54.2      53.5      52.8      52.1      51.7      51.4
      51.0      50.1      49.6      48.9      48.4      48.3
      47.9      47.3      46.8      46.3      46.5      46.5
      46.5      45.8      45.2      44.6      45.2      45.6
      45.6      45.6      45.6      45.5      45.3      45.0
      44.9      44.7      45.0      44.7      43.0      42.1
      41.6      41.3      42.3      42.7      43.2      42.9
      41.2      40.5      41.8      43.1      43.1      43.0
      42.9      43.1      43.3      43.2      43.2      43.2
      43.2      43.2      43.2      43.0      42.7      41.2
      40.2      40.9      40.0      39.9      40.0      38.7
      38.8      38.9      38.9      38.7      39.0      40.1
      40.0      39.1      39.1      40.4      41.3      41.3
      41.4      41.2      40.9      40.8      40.6      40.8
      40.2      40.0      39.7      37.9      37.5      37.2
      38.2      39.3      39.7      39.6      39.7      39.8
      39.9      40.1      40.4      40.4      40.4      40.5
      40.6      40.6      40.6      40.3      40.0      39.7
      39.2      38.7      38.7      39.1      38.6      38.7
      39.1      39.2      39.4      39.3      39.7      40.0
      40.0      40.2      40.3      40.0      40.1      40.2
      40.2      40.2      40.1      39.9      39.8      39.6
      39.5      38.5      37.1      36.7      36.8      36.4
      36.7      37.4      38.2      38.8      38.6      38.6
      38.9      38.5      38.6      39.3      39.5      39.6
      38.8      37.5      37.4      37.2      36.8      36.4
      37.2      37.6      36.1      37.6      39.7      39.2
      39.3      39.4      39.5      39.5      39.7      39.8
      39.8      40.0      40.1      40.0      39.9      39.5
      39.3      40.0      39.9      39.3      38.7      38.6
      37.4      36.7      36.7      36.6      35.9      36.7
      36.8      36.5      37.8      37.7      37.9      38.2
      38.1      38.2      38.6      38.4      38.5      38.7
      38.3      37.5      37.4      37.6      37.3      37.1
      36.3      35.5      36.0      35.6      36.1      36.3
      35.9      36.3      36.6      36.3      37.1      37.4
      37.5      37.9      38.0      38.1      38.1      38.1
      38.2      38.1      37.9      37.8      37.4      36.4
      35.4      34.9      34.7      35.1      34.3      35.0
      35.3      34.8      35.6      36.6      36.2      36.0
      36.8      37.3      37.5      37.7      37.6      36.9
      36.3      36.3      36.3      36.3      36.2      34.9
      35.1      35.0      34.3      33.9      33.9      34.8
      34.8      34.3      34.7      35.3      35.5      36.0
      36.8      38.0      38.9      39.7      40.6      41.1
      41.5      42.4      42.3      42.8      43.2      43.2
      43.2      41.7      39.2      37.6      37.4      36.9
      35.9      35.2      35.6      36.6      36.7      36.7
      37.0      37.0      37.1      35.9      34.8      34.8
      35.4      37.2      37.2      37.4      36.8      36.0
      36.2      35.9      36.1      36.8      36.8      36.6
      36.9      36.9      37.0      37.2      37.1      37.3
      37.6      37.7      37.8      38.1      38.2      38.2
      38.4      38.3      38.0      37.6      37.2      37.2
      36.8      36.4      36.5      36.0      35.5      36.0
      36.8      36.9      36.9      36.9      37.2      37.4
      37.5      37.7      37.7      37.8      37.9      37.8
      37.8      38.1      37.5      36.1      35.8      35.0
      34.8      34.9      33.8      34.0      34.2      35.2
      35.9      35.7      35.4      34.8      35.1      36.9
      37.1      37.1      37.3      37.3      37.5      37.6
      37.4      37.0      36.4      35.6      35.4      35.0
      34.3      34.1      33.9      33.7      33.9      34.7
      34.8      35.0      36.0      36.1      36.2      36.5
      36.2      36.2      37.1      36.8      36.9      37.2
      37.3      36.8      35.5      34.8      34.7      34.2
      33.9      33.5      33.4      34.4      33.9      32.1
      32.4      33.1      34.1      34.5      35.1      36.0
      36.2      36.2      36.5      36.6      36.8      36.5
      35.8      36.1      36.5      37.2      37.0      37.0
      36.1      36.1      37.3      37.5      37.4      37.5
      37.8      38.1      38.1      38.5      38.7      38.6
      38.5      38.7      39.1      39.7      39.4      38.2
      38.6      38.8      38.5      38.7      39.1      38.9
      38.4      37.7      36.4      35.4      35.8      37.6
      36.5      34.0      34.0      34.6      35.7      36.8
      37.3      37.5      37.6      37.7      37.8      37.9
      37.9      37.9      37.9      38.1      37.4      35.7
      35.8      35.4      34.4      34.3      35.2      36.4
      36.5      36.7      37.0      37.1      37.2      37.4
      37.6      37.6      37.8      38.1      38.1      38.2
      38.3      38.2      38.1      38.1      37.1      35.8
      36.3      36.9      35.5      34.4      35.2      36.0
      35.9      36.2      36.6      36.6      36.7      37.0
      37.1      37.1      37.3      37.4      37.4      37.5
      37.4      37.4      37.5      37.1      36.3      36.0
      35.9      35.2      34.5      34.7      36.6      37.3
      37.0      37.0      37.2      37.5      37.5      37.6
      37.6      37.6      37.8      37.6      37.6      37.7
      37.3      37.0      36.3      35.4      34.7      34.3
      34.1      34.1      33.6      33.4      32.8      33.2
      33.7      33.0      33.3      33.8      34.1      35.0
      36.1      36.4      36.4      36.5      36.8      37.0
      37.2      37.1      36.9      36.8      36.2      35.0
      34.1      33.5      33.9      34.9      34.9      35.0
      36.3      36.0      37.2      37.8      36.9      35.6
      36.1      37.1      37.0      37.3      37.4      37.5
      37.5      37.8      37.5      36.6      36.1      35.3
      35.0      34.8      34.0      35.2      34.2      39.2
      49.4      57.1      55.8      56.9      57.9      58.1
      57.5      56.4      54.7      55.6      55.6      53.4
      53.6      56.6      59.8      59.6      64.2      66.9
     102.3     152.5     173.3     182.2     181.3     178.5
     170.7     160.7     151.6     142.4     132.2     147.8
     144.7     135.2     129.7     132.3     137.4     136.3
     132.3     127.4     120.2     113.9     107.9     102.3
      96.9      93.6      90.2      87.9      86.9      83.1
      80.7     104.1     752.0    1233.8    1432.9    1506.0
    1554.1    1619.0    1671.9    1724.6    1778.4    1831.9
    1895.4    1970.2    2085.0    2169.1    1843.0     681.8
     338.7     269.1     231.8     209.7     189.4     173.4
     160.9     150.0     151.6     168.5     185.0     199.3
     214.3     228.9     289.3     448.2     536.1     491.8
     409.8     342.3     300.0     271.4     244.0     220.9
     197.2     178.7     163.7     149.9     138.9     127.9
     121.8     117.4     112.1     106.9     104.0     100.9
      98.7      97.0      95.1      93.2      91.4      89.4
      88.1      88.8      88.8      87.0      86.9      86.8
      88.0      88.8      88.1      86.6      85.7      84.5
      83.1      82.3      81.2      80.2      79.7      79.1
      78.2      76.0      74.4      74.9      74.3      73.8
      74.0      74.1      74.0      72.9      71.6      69.4
      67.8      67.1      67.2      69.0      67.7      64.7
      64.3      63.9      63.9      67.7      68.2      66.7
      67.1      67.5      67.6      67.2      66.9      66.5
      65.7      65.0      62.1      62.4      61.3      60.0
      60.8      60.8      60.8      61.0      63.2      66.0
      67.3      67.0      66.9      67.0      66.7      66.6
      66.5      66.6      66.8      66.0      67.6      71.5
      81.8     100.4     124.6     148.0     158.5     167.5
     174.7     178.4     185.1     192.6     199.1     207.1
     216.5     225.0     234.7     250.4     262.9     272.3
     281.1     285.3     283.6     283.5     280.8     275.7
     268.4     260.6     255.4     248.1     241.0     232.7
     225.0     218.0     209.9     201.6     193.2     186.0
     179.3     173.8     168.3     165.8     166.0     166.4
     166.3     165.5     164.5     163.5     162.4     161.4
     160.3     160.1     164.1     166.2     165.0     163.9
     163.2     160.6     158.3     156.9     152.8     147.0
     141.7     137.6     132.9     130.0     128.3     125.5
     123.8     122.2     120.4     119.4     118.5     117.1
     116.5     116.3     114.3     111.1     109.1     107.8
     106.0     104.2     102.8     102.3     102.7     101.9
      99.4      96.9      95.2      93.7      92.8      92.3
      91.1      89.9      88.9      88.5      87.2      86.7
      85.8      84.8      84.2      83.0      81.3      79.0
      76.6      74.5      73.7      72.4      71.8      70.7
      70.0      70.8      89.5      89.9      89.0      87.0
      85.6      84.7      83.9      82.8      81.9      81.0
      79.8      78.9      78.1      74.8      73.2      73.6
      75.4      77.9      82.0      84.0      84.7      84.8
      82.8      82.6      86.0      87.2      88.0      88.0
      87.1      86.0      85.8      85.7      85.4      85.2
      84.6      84.3      83.1      85.0      84.8      83.3
      83.0      83.2      95.6      99.8      98.7     100.1
     100.5      98.6     100.8     101.5     101.1     101.4
     101.0     101.4     101.6     100.7     100.5     100.4
      99.6      99.3      99.2      97.7      96.0      94.9
      91.8      89.4      88.0      86.5      84.7      83.7
      82.0      81.0      80.1     299.5     861.3    1129.2
    1276.7    1341.6    1392.4    1422.2    1443.8    1453.8
    1413.4    1284.9    1134.9    1013.2     910.7     840.7
     793.1     734.6     671.0     606.8     558.1     514.4
     479.9     449.4     426.9     409.7     396.0     383.8
     372.8     361.9     348.9     334.3     321.7     307.8
     297.7     287.8     278.8     268.0     256.9     247.3
     236.8     227.5     222.2     218.4     216.9     214.0
     211.2     206.4     202.5     197.4     195.6     191.6
     188.5     184.5     181.7     176.9     175.6     172.5
     163.9     160.9     158.4     157.3     155.5     154.4
     153.3     148.9     149.4     149.7     149.6     147.8
     146.9     144.9     143.3     142.8     141.3     140.6
     139.3     138.8     138.5     137.0     135.6     135.4
     135.0     134.9     135.2     137.2     143.8     152.6
     158.3     162.4     167.6     170.4     173.5     175.4
     175.7     174.1     173.1     172.3     172.6     172.0
     170.0     169.3     168.4     167.3     165.7     162.8
     160.9     159.3     155.2     148.3     141.7     137.8
     133.6     128.5     128.3     125.9     122.8     121.2
     118.4     116.9     115.5     115.2     113.4     111.5
     109.4     107.6     107.8     105.9     104.4     103.3
     102.8     101.6     100.5      99.6      97.7      95.1
      91.7      91.2      89.8      87.2      85.2      84.2
      83.4      81.9      81.7      81.6      81.9      80.9
      80.0      81.0      82.2      82.0      82.0      82.1
      81.3      81.0      82.6      82.5      81.8      81.5
      81.0      79.0      78.1      77.2      76.5      76.8
      76.4      77.9      78.2      77.7      77.9      77.7
      77.5      77.8      77.7      77.4      77.0      76.1
      75.1      74.4      75.0      75.8      75.3      75.1
      74.6      73.3      72.9      73.6      73.7      73.8
      73.9      73.9      74.7      75.7      75.8      75.0
      74.8      74.8      75.6      76.0      75.9      75.4
      74.9      74.7      74.3      74.0      73.2      71.8
      70.2      69.4      69.2      69.0      69.0      69.4
      69.0      67.5      66.9      67.7      69.1      69.9
      70.5      70.7      70.9      70.8      70.4      70.0
      69.2      68.7      67.3      67.2      66.4      65.4
      64.9      64.9      64.6      65.6      66.7      67.4
      67.9      66.9      67.4      68.0      68.4      68.3
      68.3      68.0      68.0      67.8      67.3      67.6
      67.8      67.6      66.7      65.9      65.9      66.1
      66.1      65.9      65.9      66.1      65.3      63.5
      63.3      64.9      65.7      65.2      65.3      67.7
      72.7      79.1      84.4      89.5      95.5     101.6
     106.8     109.4     112.3     118.0     124.3     124.8
     120.6     117.4     115.3     115.0     114.9     114.2
     112.4     117.0     149.3     149.6     148.2     146.4
     145.3     143.1     142.0     140.0     276.3     709.8
     920.0    1081.0    1170.1    1182.5    1081.5     855.7
     640.7     533.7     481.0     449.6     424.1     398.1
     375.1     354.6     336.6     320.6     302.0     288.3
     275.6     264.3     253.1     243.0     234.7     227.7
     218.5     212.1     207.7     202.2     194.9     187.9
     177.2     168.9     164.4     159.2     155.2     150.7
     148.3     146.4     144.2     142.5     141.5     140.7
     139.0     138.9     138.2     137.6     136.8     136.5
     135.9     132.8     130.9     128.5     127.3     126.2
     124.2     123.3     122.4     124.9     124.0     121.2
     121.5     120.7     120.0     118.3     117.0     116.3
     115.8     114.8     114.2     113.2     112.6     112.0
     110.9     111.9     112.7     114.5     122.1     128.5
     137.3     228.7     315.7     317.8     312.0     300.4
     289.0     279.5     269.6     260.0     251.3     241.8
     235.0     227.5     221.1     214.7     209.4     206.7
     207.1     246.0     423.4     479.4     470.8     438.4
     406.6     376.9     352.0     330.4     311.8     293.9
     280.3     267.7     257.2     246.7     238.2     229.9
     221.7     214.0     207.0     200.8     195.2     187.4
     185.0     180.3     174.8     174.0     169.5     165.5
     161.9     158.0     156.2     159.8     160.7     158.1
     150.5     145.0     142.2     140.8     140.2     137.1
     135.8     134.4     132.4     130.9     128.6     127.0
     125.7     123.1     120.6     119.6     119.0     116.7
     115.2     113.6     112.8     112.6     111.0     110.5
     110.5     109.1     108.4     107.9     107.3     106.6
     106.3     105.4     104.5     103.1     102.5     101.3
     100.8      99.3      99.0      97.4      96.6      96.2
      95.0      93.9      93.2      92.8      92.9      92.3
      92.9      92.5      92.1      91.9      91.4      90.5
      90.2      90.0      89.4      90.0      89.1      87.4
      86.7      86.4      86.6      85.3      83.3      82.7
      81.3      80.9      80.6      80.1      79.9      79.3
      80.0      81.5      82.0      82.1      82.0      82.3
      82.5      82.3      82.7      82.8      81.5      80.3
      79.1      78.1      77.5      77.5      77.2      77.2
      75.9      75.2      74.3      74.3      74.4      74.4
      73.9      73.3      73.8      73.7      73.1      73.2
      74.3      76.4      77.3      76.4      76.8      76.3
      76.2      76.4      76.3      76.3      75.7      74.4
      74.3      73.4      72.0      72.8      73.5      73.5
      72.9      72.7      73.3      73.7      73.9      73.5
      73.3      73.2      73.2      72.9      72.7      72.9
      73.0      73.0      72.5      72.0      71.4      71.3
      70.8      70.3      70.2      70.1      69.7      69.7
      69.7      69.2      69.5      69.4      69.3      68.6
      67.7      67.9      68.7      69.7      70.3      70.2
      70.3      70.4      70.0      68.9      69.1      68.8
      67.4      66.8      67.0      67.3      67.6      67.5
      67.4      67.4      67.2      67.5      67.9      68.0
      68.1      68.0      68.0      68.5      68.3      68.2
      68.1      68.1      67.9      66.4      65.2      64.6
      64.3      64.2      64.1      64.5      64.8      64.6
      64.7      64.5      64.7      65.1      65.5      65.9
      66.1      66.0      66.4      66.5      65.2      64.9
      66.0      67.8      68.6      71.2      73.0      72.7
      72.5      71.7      72.8      73.5      73.6      72.9
      71.8      72.1      72.0      71.7      70.8      70.6
      70.5      70.2      70.4      70.5      70.1      70.2
      70.2      70.2      71.1      71.7      72.0      71.1
      70.9      71.4      71.1      70.8      69.8      70.2
      69.5      69.1      68.2      67.3      68.3      67.0
      66.5      68.5      68.8      68.9      68.9      69.1
      68.5      68.9      68.8      66.8      65.0      64.8
      64.6      63.7      63.6      64.0      63.7      64.0
      65.6      66.2      66.9      67.7      68.4      88.8
     114.3     114.3     113.9     113.5     112.5     111.1
     109.2     108.7     106.3     104.0     102.0     100.4
      98.6      96.9      95.5      94.0      93.9      94.0
      92.5      91.8      93.2      91.7      90.5      89.6
      89.3      89.5      89.1      88.6      88.1      87.4
      86.8      85.9      84.8      84.0     175.4     303.1
     301.4     290.3     277.5     266.1     259.2     252.8
     249.4     254.4     261.7     264.9     262.4     257.2
     249.2     240.6     233.6     225.1     217.1     209.4
     203.5     198.5     192.9     186.5     179.7     174.2
     170.9     167.9     167.7     172.1     179.9     187.5
     193.9     195.0     196.6     198.2     198.8     199.5
     200.1     200.5     199.4     199.1     198.3     195.9
     194.5     192.0     188.9     183.8     180.4     178.6
     175.3     170.1     168.1     164.4     160.4     156.8
     153.4     149.4     146.2     144.6     146.1     149.7
     148.8     147.6     147.2     153.3     170.9     144.7
     135.0     133.9     129.6     126.4     121.2     119.1
     117.2     114.5     112.7     111.9     111.9     110.4
     108.4     107.1     105.9     104.7     104.4     104.0
     103.8     104.0     103.9     104.4     105.0     105.2
     105.5     106.1     105.8     105.2     104.2     103.0
     101.6     100.2      99.9      99.0      96.7      95.3
      93.4      92.3      91.4      90.3      88.4      87.7
      87.1      87.8      87.1      86.5      86.6      86.2
      86.0      86.1      85.2      84.6      83.6      83.3
      82.8      82.0      81.5      80.8      80.7      80.6
      80.3      80.6      81.1      81.3      81.8      82.7
      82.7      80.5      78.1      77.8      74.8      72.8
      72.1      72.1      71.8      71.2      70.5      69.5
      68.3      68.5      68.1      67.7      67.2      67.0
      66.8      66.7      66.1      65.9      65.4      65.3
      65.1      65.1      65.1      65.1      64.7      64.5
      64.5      64.4      64.4      63.4      63.0      63.0
      62.5      62.1      62.0      62.1      61.6      61.5
      61.4      61.5      61.5      61.4      61.2      61.0
      61.0      61.3      61.1      60.8      60.9      60.6
      60.8      61.0      60.7      59.9      59.0      58.2
      57.3      57.2      56.7      56.7      56.4      55.8
      55.1      56.2      57.6      57.1      56.9      57.7
      57.7      57.4      58.2      58.1      57.8      57.7
      57.9      57.9      57.9      57.8      57.7      56.9
      56.3      56.5      56.0      55.7      56.1      56.3
      56.1      56.2      56.1      56.0      56.2      56.5
      56.8      56.9      57.1      57.0      56.7      56.8
      57.2      57.1      56.8      56.5      54.9      53.7
      53.8      53.2      53.1      53.9      54.7      54.7
      54.7      55.2      55.1      55.1      55.2      55.3
      55.3      55.4      55.4      55.3      55.4      55.3
      55.3      55.4      55.4      54.9      54.3      53.9
      53.2      53.0      53.4      53.1      53.3      53.2
      52.8      52.8      53.2      53.4      53.4      53.2
      53.0      53.4      53.6      53.6      53.3      53.3
      53.3      53.6      53.6      53.4      53.3      53.2
      52.5      52.0      51.5      51.9      52.0      51.6
      51.5      51.9      52.0      51.0      51.5      52.3
      51.9      52.1      52.3      52.5      52.8      52.8
      52.6      52.9      52.5      52.3      53.0      53.2
      53.0      52.7      52.6      52.4      52.3      52.2
      52.1      52.7      52.4      52.3      52.0      50.6
      50.3      51.6      52.5      51.8      51.4      51.9
      51.4      51.0      51.4      51.5      51.3      51.3
      50.7      49.7      49.3      49.4      50.3      52.5
      53.8      55.1      56.9      56.1      55.6      56.6
      58.1      59.1      59.4      59.7      59.9      60.3
      60.4      60.3      60.2      60.2      59.8      59.4
      59.6      58.9      58.9      59.4      58.7      58.7
      59.2      60.2      61.0      61.2      61.4      61.9
      62.0      62.2      62.4      62.8      63.1      63.2
      63.2      63.4      63.5      63.6      63.5      63.5
      63.2      63.0      63.1      62.4      60.9      59.9
      58.7      57.8      56.8      55.9      55.5      55.5
      55.1      54.9      54.6      54.4      54.1      53.7
      52.1      51.3      50.5      50.1      50.4      49.9
      49.5      49.1      49.3      49.0      50.2      51.1
      51.3      51.8      52.1      52.2      52.5      52.8
      52.5      52.6      52.7      51.7      50.6      50.5
      51.4      52.3      51.8      51.0      50.2      49.3
      49.1      49.0      48.7      49.0      50.4      51.0
      51.0      51.3      51.6      51.9      51.9      52.1
      52.2      52.3      52.3      52.2      52.3      52.0
      52.1      51.8      51.8      50.6      50.6      49.9
      50.4      49.8      49.8      50.1      49.5      49.7
      50.5      50.5      50.7      51.0      51.1      51.2
      51.3      51.4      51.6      51.7      51.9      51.6
      51.6      51.7      51.6      51.3      50.8      50.2
      50.4      50.3      50.0      49.5      49.6      49.9
      50.4      50.6      50.5      50.5      50.5      50.8
      50.7      49.7      48.9      48.7      48.5      48.8
      48.9      49.0      49.7      49.8      49.2      49.1
      49.2      49.1      49.2      49.9      50.6      51.2
      51.8      51.7      51.7      51.3      51.2      51.9
      52.0      52.1      52.3      52.9      53.5      53.5
      53.7      53.7      53.8      53.4      53.3      53.2
      52.8      52.8      52.6      52.8      52.8      52.8
      53.0      53.1      53.0      53.1      53.0      53.0
      52.7      52.8      53.2      52.5      52.4      54.1
      55.7      56.0      55.7      56.1      55.4      53.3
      51.7      51.1      50.9      50.5      50.5      50.3
      50.0      50.5      50.5      50.3      50.8      52.2
      53.1      53.7      54.1      54.5      55.1      55.3
      54.9      52.1      49.8      48.7      47.6      47.2
      46.5      45.9      45.7      46.2      46.2      47.3
      48.6      47.5      47.3      48.6      48.8      48.8
      48.9      49.1      49.1      49.0      49.0      49.1
      49.1      49.2      48.9      48.8      48.6      48.1
      46.5      46.3      46.9      46.6      46.5      46.5
      46.3      46.2      46.5      46.5      46.5      46.5
      46.4      46.3      46.6      46.5      46.4      46.4
      46.6      46.5      45.3      44.0      43.6      44.0
      44.9      45.2      45.3      45.0      43.7      43.4
      42.4      41.6      43.0      43.7      43.0      43.3
      44.9      46.0      45.9      45.5      44.6      44.2
      44.3      44.4      45.1      45.5      43.5      41.4
      41.0      40.1      39.6      39.8      40.2      40.2
      40.1      40.0      40.2      41.3      41.9      42.2
      42.4      42.5      42.9      43.2      43.1      42.9
      43.1      43.1      43.1      42.9      42.7      42.4
      42.1      41.0      41.5      42.2      40.5      38.6
      39.2      40.1      40.5      40.6      41.6      42.4
      42.1      42.5      43.0      42.8      42.7      43.1
      42.8      41.7      40.9      40.9      40.4      40.2
      40.0      39.3      39.2      39.1      38.9      39.0
      39.2      39.0      39.2      39.4      39.3      39.0
      39.0      39.4      39.7      39.6      39.8      39.8
      39.4      40.0      39.6      39.3      38.6      38.2
      38.7      38.6      38.5      38.6      39.7      41.2
      43.0      45.4      46.4      47.9      48.7      49.1
      50.4      51.1      50.1      49.3      49.1      48.4
      48.1      48.7      49.2      49.1      48.4      48.4
      48.0      47.3      47.7      48.4      48.4      48.3
      48.5      49.0      49.0      48.8      48.3      48.2
      49.6      50.3      50.2      49.5      48.8      49.7
      50.7      50.2      49.7      51.9      51.9      51.8
      52.6      53.7      54.8      55.6      55.8      55.8
      55.9      55.9      55.6      55.6      55.4      55.2
      54.9      54.5      54.3      54.2      54.2      53.9
      53.6      53.5      53.5      53.2      53.4      54.2
      54.6      54.2      54.2      54.5      53.8      53.7
      54.2      54.2      54.6      54.7      54.3      54.2
      54.1      53.3      52.9      52.1      51.6      51.6
      51.1      50.8      50.8      50.7      50.0      49.5
      48.8      48.9      51.4      53.6      55.8      57.1
      58.1      58.8      59.9      60.7      61.2      61.6
      61.5      61.5      61.8      61.9      62.2      62.6
      62.7      63.1      63.2      63.3      62.7      62.5
      62.5      62.0      61.7      61.8      61.7      61.3
      61.8      61.5      62.4      62.8      62.7      62.8
      62.8      63.1      63.5      63.6      63.9      64.1
      64.3      64.2      64.2      64.2      64.1      63.9
      63.9      63.1      66.4      67.7      66.8      65.8
      65.1      64.0      64.2      62.5      60.8      60.9
      61.4      62.3      65.6      67.6      68.6      69.5
      70.3      70.8      71.2      72.1      71.9      73.3
      73.8      75.6      76.0      77.5      78.5      79.5
      80.1      80.8      81.5      82.4      82.9      83.8
      84.5      85.0      85.3      86.2      86.9      87.3
      86.3      85.7      87.5      87.1      85.2      83.1
      81.9      81.8      82.1      81.8      81.9      82.6
      82.4      81.8      82.5      82.3      81.6      81.6
      81.7      82.0      82.4      83.0      83.7      84.4
      85.0      85.4      86.4      86.7      86.9      86.9
      86.4      87.5      87.5      89.8      90.5      90.5
      90.7      91.1      91.7      92.0      92.1      92.6
      93.2      93.3      93.8      94.6      95.2      95.3
      96.0      96.2      96.1      96.0      93.9      91.5
      89.6      87.9      87.3      87.9      88.7      88.7
      88.9      88.7      88.6      89.0      89.2      89.4
      89.7      89.6      89.8      90.1      89.2      87.4
      89.9      89.0      89.4      92.2      97.5     100.4
     102.9     104.2     103.9     104.1     105.4     106.8
     106.3     106.3     106.1     105.6     105.0     104.9
     104.9     104.4     103.4     103.1     102.9     101.2
     100.1     100.3      99.0      97.6      97.3      97.3
      97.0      97.9      98.6      98.6      98.7      98.8
     100.0      99.4      99.2      99.0      98.8      99.3
     100.3     101.4     102.4     102.3     102.2     101.8
     101.6     101.5     100.6     100.2     100.1     100.2
     100.0     100.2     100.7     101.1     101.0     100.0
      97.5      94.8      92.8      91.6      91.0      90.7
      90.2      89.6      89.2      89.1      89.4      89.7
      89.4      89.4      88.7      88.0      88.4      88.6
      89.1      89.5      89.6      90.4      91.0      91.5
      91.8      91.7      91.3      91.6      91.6      91.3
      91.1      90.9      91.2      92.0      92.4      92.9
      92.9      93.0      92.8      92.8      91.7      92.9
      93.0      93.0      95.1      97.1      97.2      98.1
      98.5      98.6      98.2      98.3      98.2      98.3
      98.4      99.4      99.9      99.5     100.1     100.1
      99.7      99.7      98.4      97.2      96.3      95.9
      95.8      96.0      98.4      99.4      99.5     100.2
     100.3     100.6      99.0      96.9      97.9      98.3
      97.3      98.1      97.2      97.1      97.9      98.3
      99.6     101.7     103.0     103.7     105.7     107.9
     110.2     112.4     114.8     117.1     119.3     121.2
     122.5     123.2     124.4     125.8     126.2     129.0
     126.5     127.6     128.5     129.5     130.3     131.6
     132.4     133.0     136.0     139.5     143.3     146.9
     149.9     151.7     152.6     153.7     154.9     155.0
     154.6     154.4     154.2     154.8     155.7     155.0
     156.0     156.3     155.7     154.9     152.8     151.3
     150.1     147.0     145.1     144.1     143.1     141.4
     140.4     140.3     139.8     138.8     137.9     138.0
     137.6     135.9     135.4     135.3     134.4     134.3
     134.8     133.8     132.9     133.8     134.7     134.2
     133.6     132.8     132.4     131.9     131.9     131.5
     131.5     132.7     131.8     132.2     132.2     131.8
     130.0     128.3     128.3     128.9     128.8     128.0
     127.3     127.4     126.8     126.3     125.9     125.5
     124.5     124.2     123.3     122.2     120.8     119.6
     119.5     118.9     119.7     119.5     119.3     119.3
     118.8     118.4     118.2     117.9     117.5     116.6
     116.1     115.7     115.5     116.1     115.8     115.4
     115.1     114.9     113.1     108.4     103.8     101.0
      99.2      98.3      97.2      96.7      95.7      95.0
      93.4      92.6      89.5      85.8      87.2      90.1
      90.6      90.1      90.7      90.7      91.2      91.0
      90.6      90.9      90.0      90.4      90.0      89.8
      89.9      89.7      89.8      90.1      90.2      89.3
      86.7      87.2      88.9      89.0      90.2      90.2
      91.7      92.0      92.0      92.8      92.9      93.8
      94.0      94.5      95.2      95.6      96.5      96.5
      96.7      97.0      96.8      97.4      97.4      96.8
      97.1      97.1      97.0      97.6      97.8      97.8
      97.8      97.9      97.9      97.9      98.0      98.3
      98.7      98.6      98.6      98.9      99.6      99.0
      98.2      99.1     100.0     100.2      99.8     100.1
      99.1      97.6      96.9      96.7      96.6      96.4
      96.4      96.3      96.3      96.3      96.2      96.3
      96.9      97.3      97.4      97.3      97.1      97.5
      97.8      98.4      99.2      99.5     100.0     100.4
     100.3      99.9      99.3      98.8      98.4      98.3
      97.6      96.9      98.1      97.9      98.1      97.6
      96.9      95.9      93.7      94.4      94.8      94.8
      94.9      95.1      94.3      96.2      96.8      97.2
      97.5      97.4      97.4      97.5      97.6      97.7
      98.0      98.4      98.5      98.5      98.1      98.3
      98.5      98.3      98.7      98.7      98.3      98.5
      98.4      98.7      99.0      98.9      98.5      98.7
      98.5      98.1      97.4      97.0      97.4      96.9
      97.1      97.3      97.6      97.5      97.5      97.6
      98.0      98.6      99.0      99.1      99.4     100.2
     100.5     100.6     100.9     101.1     100.4      99.6
      98.7      96.9      95.3      94.8      94.7      94.0
      93.8      94.0      94.0      94.0      94.0      93.9
      93.6      92.3      90.8      91.1      87.9      85.3
      84.1      85.7      86.6      86.4      86.4      86.6
      86.6      86.6      86.3      85.6      85.3      84.8
      84.6      84.9      85.1      85.1      84.7      82.8
      81.9      81.1      81.8      82.0      82.9      83.2
      84.2      85.2      85.4      86.3      87.8      88.4
      87.6      88.1      87.7      87.7      88.5      89.2
      89.0      89.8      90.4      90.8      92.1      93.8
      95.5      97.3      97.4      95.9      92.4      87.7
      84.3      84.8      85.1      84.7      85.2      84.1
      81.2      78.3      75.8      74.1      73.0      76.0
      84.7      84.1      85.6      86.6      87.7      88.1
      83.9      79.3      76.8      74.6      74.5      75.7
      76.1      77.7      78.1      77.1      77.8      78.2
      75.8      74.9      76.4      76.3      76.1      76.2
      77.4      79.0      79.6      81.1      81.8      82.4
      82.7      83.4      83.7      83.9      83.3      81.1
      81.2      83.5      84.3      81.9      80.9      83.4
      84.6      87.6      88.2      88.3      88.4      88.2
      89.1      89.6      90.6      91.2      91.0      90.4
      89.4      89.9      91.3      91.2      91.3      93.1
      92.9      95.1      97.4      97.5      97.1      97.8
      98.0      97.3      99.0     100.5     101.1     101.9
     103.0     102.8     103.5     104.5     104.8     104.0
     103.5     104.5     105.3     104.9     105.1     104.2
     103.1     103.2     102.7     102.7     102.8     103.0
     103.0     102.5     101.9     102.0     101.8     101.7
     101.9     102.6     103.3     103.5     103.5     103.1
     103.5     103.8     102.4      99.6      96.9      96.7
      96.4      95.7      95.6      95.5      95.2      94.5
      94.1      94.5      94.2      94.2      94.0      94.3
      94.8      94.7      94.7      95.5      96.2      96.8
      96.3      96.0      96.9      97.2      96.7      97.0
      97.8      97.8      98.1      99.1      99.4     100.3
     103.4     106.5     108.5     113.5     117.6     119.4
     120.9     121.9     122.6     123.0     123.5     123.7
     123.7     127.0     136.4     154.4     178.9     205.9
     229.1     252.7     272.2     287.4     301.0     312.4
     319.2     323.7     327.1     330.6     328.5     329.9
     326.6     323.7     321.1     318.9     313.9     307.7
     305.2     301.9     304.9     300.0     291.2     292.9
     290.0     284.5     278.9     273.6     270.6     266.7
     259.5     255.3     252.6     249.8     246.7     242.4
     238.6     236.2     233.5     230.3     224.6     218.4
     213.1     209.0     205.2     204.8     204.1     204.6
     204.1     204.4     205.2     204.7     202.2     201.9
     202.6     202.0     199.7     197.0     195.0     192.9
     192.2     193.2     192.2     190.2     188.1     187.6
     187.3     186.1     184.5     183.8     183.4     182.6
     182.9     182.8     184.0     183.7     182.1     181.3
     180.9     181.9     182.6     183.0     182.7     181.9
     181.6     180.8     178.6     176.4     174.9     173.5
     173.0     171.3     170.7     171.0     170.8     169.1
     169.3     168.5     169.0     169.1     168.2     167.8
     167.9     167.1     166.4     166.1     166.0     164.4
     162.7     163.2     163.9     164.2     164.1     163.5
     163.6     163.8     163.2     162.8     162.9     163.2
     163.7     164.0     165.1     166.1     164.6     162.6
     162.0     161.9     160.7     159.5     159.3     159.7
     159.6     159.0     161.2     163.0     161.9     160.5
     161.0     161.4     159.9     159.5     160.0     160.3
     160.0     159.9     158.9     158.8     158.5     158.2
     157.4     156.7     155.8     155.2     155.3     154.7
     154.4     154.9     154.6     153.9     152.5     153.0
     153.3     151.3     151.4     152.0     152.5     152.3
     154.2     154.9     154.0     152.3     153.1     153.5
     153.5     152.7     151.0     150.3     150.9     151.4
     150.6     151.0     151.7     152.6     153.3     153.0
     150.1     146.1     145.6     145.6     145.3     147.0
     151.2     152.1     151.9     153.3     152.6     151.1
     150.9     152.7     152.2     151.9     151.7     152.8
     153.6     152.4     152.0     152.0     152.4     153.0
     152.0     151.5     151.2     150.7     147.9     147.4
     147.6     143.8     143.3     147.5     150.0     151.4
     149.5     146.4     143.7     141.6     141.0     142.5
     143.8     144.0     145.8     146.6     145.6     142.3
     141.8     142.7     143.3     144.2     144.7     144.3
     143.6     144.7     144.8     146.1     146.1     145.3
     145.5     145.7     145.8     146.1     146.2     146.2
     147.4     148.5     148.5     149.1     150.1     150.4
     150.5     151.1     155.1     163.9     168.2     154.5
     148.2     149.5     149.8     149.9     148.5     147.7
     146.9     146.0     145.6     144.4     144.2     144.0
     144.7     143.6     142.9     142.1     141.7     141.6
     143.0     145.1     145.1     144.2     143.1     142.3
     144.8     146.9     146.3     146.7     147.0     146.0
     145.8     146.2     145.6     145.3     145.3     145.2
     144.4     143.8     143.5     144.8     144.9     143.7
     143.4     142.3     141.6     141.0     141.0     142.3
     143.2     144.1     144.4     144.5     144.5     143.9
     143.1     142.2     141.4     142.6     143.5     142.9
     142.4     142.3     142.3     142.4     142.1     141.0
     140.3     140.8     141.4     139.4     136.9     137.2
     139.8     141.5     141.3     141.0     141.6     140.9
     139.8     137.8     134.6     134.4     136.8     136.6
     136.7     138.8     140.1     140.5     140.9     140.9
     140.3     138.9     139.1     137.5     135.7     137.1
     139.5     143.1     142.6     143.5     145.2     144.9
     143.4     143.7     144.2     144.1     143.6     143.3
     143.3     143.4     143.9     143.1     141.8     139.5
     137.5     137.7     136.1     134.1     134.1     133.6
     133.9     136.1     137.4     137.5     137.0     136.2
     136.2     136.6     135.7     134.7     134.4     133.9
     133.9     134.6     134.3     133.4     133.4     133.8
     133.3     132.9     132.9     132.8     132.3     132.3
     132.1     132.3     132.7     131.8     131.8     132.7
     133.1     132.7     132.2     132.3     132.2     133.1
     133.5     132.3     132.2     131.8     131.4     131.7
     132.7     132.6     132.2     131.4     131.5     131.9
     132.2     132.2     132.9     133.6     133.4     133.3
     133.4     133.9     134.3     133.8     134.6     134.9
     134.5     133.9     133.6     134.0     134.0     133.5
     133.5     133.5     133.5     132.9     132.9     132.9
     132.9     133.3     133.8     133.8     133.8     133.8
     134.0     133.5     132.8     132.1     132.1     131.7
     131.6     131.1     130.8     133.8     139.7     137.1
     130.7     130.1     129.5     128.9     129.3     130.3
     132.5     134.0     134.8     134.4     134.0     135.3
     135.5     135.0     134.1     133.5     131.8     132.0
     132.6     132.7     131.9     131.0     130.1     130.8
     132.7     134.7     135.3     135.9     134.7     132.6
     132.5     132.5     128.7     127.5     129.7     130.1
     129.1     127.8     127.9     128.5     128.2     128.7
     128.6     128.9     128.9     128.4     128.0     127.2
     126.8     132.3     153.4     138.9     133.1     133.4
     133.7     132.9     133.0     133.1     131.5     130.2
     129.3     128.4     127.0     126.5     127.9     130.4
     134.1     134.0     132.8     134.2     135.7     134.1
     130.6     132.1     135.9     136.5     136.3     136.7
     137.1     137.0     136.8     136.6     135.0     132.6
     130.9     130.2     130.1     128.7     127.7     128.4
     133.9     128.4     127.3     129.0     130.2     130.6
     128.8     134.7     134.6     134.3     134.9     136.4
     137.1     136.6     136.1     135.5     134.0     132.2
     130.3     128.5     128.1     128.2     128.8     129.2
     130.3     131.0     131.8     131.4     131.3     132.7
     130.2     132.2     138.7     137.1     135.6     135.6
     136.9     137.1     137.8     136.9     134.2     131.4
     128.4     127.3     127.2     126.3     127.3     127.7
     127.8     128.8     130.6     131.1     131.0     130.0
     132.0     137.6     138.6     136.1     134.1     132.9
     133.1     130.4     128.0     128.3     127.5     125.6
     123.6     121.5     119.9     121.3     125.6     121.3
     122.4     123.9     123.3     124.7     129.0     128.4
     125.7     126.0     132.5     130.1     130.6     131.3
     132.3     132.9     129.4     122.6     121.3     120.9
     119.4     118.4     118.3     117.3     119.9     122.3
     123.6     125.5     124.6     123.9     123.6     123.2
     123.3     122.2     122.2     122.6     121.5     120.8
     123.7     127.0     129.1     130.2     130.4     129.2
     127.4     124.9     123.8     123.1     122.5     121.6
     121.6     121.8     121.1     121.1     122.5     123.4
     122.8     123.3     126.9     126.8     126.8     127.3
     128.6     131.1     131.9     130.6     128.9     127.0
     124.4     122.0     120.3     119.3     117.9     118.6
     120.3     122.0     123.5     124.0     123.3     124.0
     127.1     129.4     134.0     135.3     134.2     132.1
     130.7     129.9     129.0     128.1     127.1     126.2
     124.5     122.5     121.6     121.2     120.6     119.8
     120.9     121.4     121.1     120.2     121.3     122.6
     121.6     129.9     132.2     129.7     127.8     125.7
     124.9     124.5     124.4     125.1     125.2     124.2
     123.8     124.5     125.3     124.2     122.0     121.1
     120.8     120.6     120.7     121.1     123.6     126.1
     124.1     124.0     130.5     126.5     121.0     118.1
     120.0     122.7     123.2     124.2     124.8     124.7
     124.3     124.9     125.4     125.2     125.5     125.9
     125.7     125.7     125.3     125.5     126.2     126.7
     127.3     128.4     129.3     126.8     126.1     129.7
     131.5     131.9     132.6     132.8     134.2     135.4
     135.7     135.0     134.2     134.1     133.8     133.6
     133.6     133.3     132.8     131.9     131.8     131.5
     130.9     128.9     126.9     123.2     123.0     125.7
     125.8     127.1     127.6     128.2     129.3     129.1
     129.0     129.5     128.8     128.6     128.3     128.1
     127.6     127.4     127.8     127.9     127.5     127.3
     127.4     127.4     126.0     125.3     125.2     124.3
     124.8     125.5     126.3     127.1     126.8     127.0
     127.0     126.7     126.6     126.5     125.8     125.2
     124.0     124.4     125.0     125.6     128.5     129.0
     129.2     129.0     128.5     127.6     126.7     126.7
     127.3     126.8     127.5     128.1     127.4     127.7
     127.3     126.9     126.9     126.5     126.4     126.5
     124.8     123.0     122.4     122.7     123.8     124.7
     122.7     121.6     120.1     117.4     116.7     116.1
     116.3     120.2     122.8     123.8     124.7     124.8
     124.7     125.0     124.8     124.1     124.4     124.7
     124.7     124.0     124.0     124.1     123.7     123.5
     123.7     123.4     123.2     122.7     121.9     121.6
     122.3     122.8     122.3     122.1     123.1     123.9
     124.0     123.7     123.7     122.7     122.2     121.8
     122.3     122.3     122.5     122.5     122.5     122.8
     122.4     121.4     120.5     119.7     121.4     122.1
     122.0     122.4     123.2     124.0     124.3     124.3
     124.3     123.8     123.7     123.8     123.5     123.0
     122.9     122.7     122.5     122.2     122.3     121.6
     121.4     120.4     119.3     117.9     117.2     115.9
     116.0     116.7     117.3     118.3     117.6     116.3
     115.6     115.3     115.3     117.3     120.4     121.1
     121.0     121.1     121.6     122.6     122.3     122.0
     122.3     122.1     121.6     121.9     122.0     122.3
     122.6     122.9     121.4     119.7     116.9     115.9
     116.9     115.9     116.2     118.9     120.1     120.2
     121.1     121.9     122.4     123.1     123.5     121.7
     120.7     119.9     119.2     119.5     120.2     120.9
     120.4     121.3     121.2     122.2     122.9     122.2
     122.5     122.3     121.9     121.3     120.1     117.9
     116.5     115.7     116.1     114.8     116.2     119.0
     117.2     113.3     115.4     117.7     118.3     118.3
     118.6     118.7     119.8     119.8     119.1     117.9
     117.3     116.3     113.4     111.9     111.7     113.7
     114.8     117.1     121.1     122.9     123.7     124.2
     122.0     115.9     115.3     117.5     118.5     119.0
     118.7     118.9     118.2     117.7     116.8     117.2
     115.2     117.0     123.2     127.6     128.2     128.8
     130.3     131.4     135.1     204.0     362.3     461.7
     482.9     427.7     348.2     276.0     226.5     184.9
     165.1     159.2     160.3     162.4     162.0     162.2
     162.5     162.4     161.9     161.3     162.1     163.1
     163.8     164.7     165.1     165.5     162.2     155.5
     150.2     147.2     144.2     144.1     143.7     139.6
     138.5     138.8     139.0     146.5     153.5     155.6
CDWR TIMING AND TRANSIT LOSS MODEL                                              CARD 10 GEN INFO
SUBREACH  DOWNSTREAM                                                            CARD 11 DS NODE
         2     False     False      True     False      True     False      TrueCARD 12 RULES FOR SUBREACH NOTE COL 6=TRUE FOR MULTIPLE LINEARIZATION
      1.50      3.00      2.20                                                  CARD 13 TT, CHANNEL L, ALLUVIUM L
   10000.0      0.15         0                                                  CARD 14 AQUIFER T, S  (LAST FIELD CONSTANT 0)
 1505.7422  3.404308        25                3000                              CARD 15 WAVE DISP, WAVE CEL, Closure Criteria,(BLANK), AQUIFER WIDTH
        20     False     13.05                                                  CARD 16 RATING INFO AND>>>COL C= MIN FLOW
      0.80       0.0      1.00       1.0      1.15       3.0      1.21       5.0CARD 17  S VS Q (S/Q/S/Q/S ETC)
      1.35      10.0      1.56      25.0      1.79      50.0      2.13     100.0
      2.65     250.0      3.10     500.0      3.45     750.0      3.70    1000.0
      4.25    1750.0      4.72    2500.0      5.15    3250.0      5.56    4000.0
      5.97    4750.0      6.40    5500.0      7.17    7000.0      7.60    8000.0
      32.1    2169.1        20                                                  CARD 18 QMIN, QMAX, NURSF (number of URFS to force) for multiple linearization
  1.720212      32.1  2.688593     269.6  3.069972     507.0  3.327863     744.5CARD 19  Celerity VS Q (10 C/Q/ pairs)
  3.527058     981.9  3.691174    1219.3  3.831695    1456.8  3.955139    1694.2
  4.065589    1931.7  4.165784    2169.1
  223.4396      32.1  735.0920     269.6 1047.0490     507.0 1298.3232     744.5CARD 20  Wave Dispersion VS Q (10 K/Q/ pairs)
 1516.0329     981.9 1711.5139    1219.3 1890.8230    1456.8 2057.6577    1694.2
 2214.4765    1931.7 2363.0142    2169.1
